diode/res/cap/pnp

npn
--------------------------------------------------
ORIGIN (EXACT): -35, 37.5
PRIMITIVES
(2.5,3.927,0.77,3.748,1.61,2.439);
(-1.55,1.357,2.5,3.927,2.5,7.5);
(-1.55,-1.357,2.5,-3.928,2.5,-7.5);
(-7.5,0,-1.55,0);
(-1.55,3.103,-1.55,-3.103);
(0,-4.655,4.66,0,0,4.655,-4.66,0);

PINS
PIN1:2.5,-7.5;
PIN2:-7.5,0;
PIN3:2.5,7.5;



var cap
--------------------------------------------------
ORIGIN (EXACT): -35, 90
PRIMITIVES
(-5,0,-1,0);
(1,-4,1,4);
(-1,-4,-1,4);
(1,0,5,0);
(4,4,3.29,1.879,1.88,3.293);
(-4,-4,4,4);

PINS
PIN1:5,0;
PIN2:-5,0;




switch
--------------------------------------------------
ORIGIN (EXACT): -12.5, 90
PRIMITIVES
(-7.5,0,-2.5,0);
(-2.5,-2.5,2.5,0,7.5,0);

PINS
PIN1:-7.5,0;
PIN2:7.5,0;


batt
--------------------------------------------------
ORIGIN (EXACT): -60, 80
PRIMITIVES
(-5,0,-3.5,0);
(3.5,0,5,0);
(3.5,-2,3.5,2);
(2.5,-3,2.5,3);
(1.5,0,2.5,0);
(-0.5,0,0.5,0);
(-1.5,0,-2.5,0);
(-2.5,-2,-2.5,2);
(-3.5,-3,-3.5,3);

PINS
PIN1:5,0;
PIN2:-5,0;



coil
--------------------------------------------------
ORIGIN (EXACT): -12.5, 80
PRIMITIVES
(0,0,1.76,-1.765,3.53,0,3.53,0,5.29,-1.765,7.06,0,-7.06,0,-5.29,-1.765,-3.53,0,-3.53,0,-1.76,-1.765,0,0,7.06,0,10,0,-10,0,-7.06,0);

PINS
PIN1:-10,0;
PIN2:10,0;



var res
--------------------------------------------------
ORIGIN (EXACT): -35, 70
PRIMITIVES
(5,0,10,0);
(-10,0,-5,0);
(-5,-2,5,-2,5,2,-5,2);
(0,2,0,7.5);
(0,2,-1,4,1,4);

PINS
PIN1:0,7.5;
PIN2:10,0;
PIN3:-10,0;



antenna
--------------------------------------------------
ORIGIN (EXACT): -60, 55
PRIMITIVES
(2.89,-5,0,0,-2.89,-5);
(0,5,0,-5);

PINS
PIN1:0,5;



speaker
--------------------------------------------------
ORIGIN (EXACT): -35, 55
PRIMITIVES
(-5.5,1.5,5.5,1.5,5.5,2.5,-5.5,2.5);
(4,0,10,0);
(-10,0,-4,0);
(-4,1.5,4,1.5,4,-1.5,-4,-1.5);

PINS
PIN1:10,0;
PIN2:-10,0;


