P(-5,-2,10,4);P(-10,0,-5,0);P(5,0,10,0);
"P(-5,0,-1,0);
P(1,-4,1,4);
P(-1,-4,-1,4);
P(1,0,5,0);"
"P(-1.55,1.357,0.17,1.536,-0.66,2.845,2);
P(-1.55,1.357,2.5,3.927,2.5,7.5,0);
P(-1.55,-1.357,2.5,-3.928,2.5,-7.5,0);
P(-7.5,0,-1.55,0);
P(-1.55,3.103,-1.55,-3.103);
C(0,0,4.66);"
"P(2.5,2.5,2.5,-2.5);
P(-2.5,-2.5,2.5,0,-2.5,2.5,1);
P(-5,0,5,0);"
"P(-1.55,1.357,2.5,3.927,2.5,7.5,0);
P(-1.55,-1.357,2.5,-3.928,2.5,-7.5,0);
P(-7.5,0,-1.55,0);
P(-1.55,3.103,-1.55,-3.103);
C(0,0,4.66);
P(2.5,3.927,0.77,3.748,1.61,2.439,2);"
"P(-5,0,-1,0);P
(1,-4,1,4);P
(-1,-4,-1,4);
P(1,0,5,0);
P(4,4,3.29,1.879,1.88,3.293,2);P
(-4,-4,4,4);"
"P(-7.5,0,-2.5,0);P
(-2.5,-2.5,2.5,0,7.5,0,0);"
"P(-5,0,-3.5,0);P
(3.5,0,5,0);P
(3.5,-2,3.5,2);
P(2.5,-3,2.5,3);P
(1.5,0,2.5,0);P
(-0.5,0,0.5,0);
P(-1.5,0,-2.5,0);P
(-2.5,-2,-2.5,2);P
(-3.5,-3,-3.5,3);"
"P(-10,0,-7.06,0);
P(7.06,0,10,0);
A(5.295,0,1.765,180,0,0);
A(1.765,0,1.765,180,0,0);
A(-1.765,0,1.765,180,0,0);
A(-5.295,0,1.765,180,0,0);"
"P(5,0,10,0);
P(-10,0,-5,0);
P(-5,-2,10,4);
P(0,2,0,7.5);
P(0,2,-1,4,1,4,2);
"
"P(2.89,-5,0,0,-2.89,-5,0);
P(0,5,0,-5);
"
"P(-4,-1.5,8,3);
P(4,0,10,0);
P(-10,0,-4,0);
P(-5.5,1.5,5.5,1.5,5.5,2.5,-5.5,2.5,2);

"
"P(-5,0,-1,0);
P(1,-4,1,4);
P(-1,-4,-1,4);
P(1,0,5,0);
P(-3.3,-2.18,-3.3,-3.68);
P(-4.05,-2.93,-2.55,-2.93);"